
--- Inspecting statistieken-lotto-10-25.xlsx ---
Columns: [datetime.datetime(2025, 10, 18, 0, 0), 13, 24, 28, 33, 38, 45, 17]
First 5 rows:
   2025-10-18 00:00:00  13  24  28  33  38  45  17
0  2025-10-15 00:00:00  14  21  30  38  40  44  37
1  2025-10-11 00:00:00  13  17  22  24  25  29   8
2  2025-10-08 00:00:00   3   7  11  19  37  39  28
3  2025-10-04 00:00:00   7  10  13  23  30  33  28
4  2025-10-01 00:00:00  16  18  21  26  33  41  42

Last 5 rows:
      2025-10-18 00:00:00 13  24  28  33  38  45  17
4164  1978-03-04 00:00:00  8  10  18  25  32  33  34
4165  1978-02-25 00:00:00  2   6   8  17  28  35  16
4166  1978-02-18 00:00:00  3   5   6   8  17  18  10
4167  1978-02-11 00:00:00  1   5   8  17  23  28  14
4168  1978-02-04 00:00:00  6  17  30  31  35  37  15
