
--- Inspecting statistieken-keno-10-25.xlsx ---
Columns: ['Trekkingsdatum', 'N°1', 'N°2', 'N°3', 'N°4', 'N°5', 'N°6', 'N°7', 'N°8', 'N°9', 'N°10', 'N°11', 'N°12', 'N°13', 'N°14', 'N°15', 'N°16', 'N°17', 'N°18', 'N°19', 'N°20']
Last 20 rows:
           Trekkingsdatum N°1 N°2 N°3 N°4 N°5 N°6 N°7 N°8 N°9 N°10 N°11 N°12 N°13 N°14 N°15 N°16 N°17 N°18 N°19 N°20
9732  1995-06-21 00:00:00   8  18  24  28  33  35  37  40  42   56   57   61   63   67   68   70   72   75   76   80
9733  1995-06-20 00:00:00   1   7  12  16  17  21  22  26  28   29   30   33   39   40   43   48   53   57   71   76
9734  1995-06-19 00:00:00   2   5  19  22  23  24  25  27  29   33   35   37   39   48   51   58   62   67   69   77
9735  1995-06-17 00:00:00   1   4   7  15  18  20  25  28  36   40   49   52   63   64   66   67   68   69   73   75
9736  1995-06-16 00:00:00   2   6  12  15  18  25  27  29  31   35   46   50   51   54   59   61   66   67   74   75
9737  1995-06-15 00:00:00   7  11  19  29  31  45  47  48  51   53   61   64   65   68   69   70   71   72   77   78
9738  1995-06-14 00:00:00   2  12  16  17  22  24  27  29  32   33   41   49   50   51   55   56   67   69   73   74
9739  1995-06-13 00:00:00   1   5  12  19  20  26  28  30  35   36   38   43   48   54   56   58   66   71   77   78
9740  1995-06-12 00:00:00   5   7   9  14  18  29  32  33  34   36   37   43   45   51   55   69   70   71   73   76
9741  1995-06-10 00:00:00   3  13  16  20  21  26  28  29  32   38   43   46   48   52   55   57   68   72   75   77
9742  1995-06-09 00:00:00   1   3   8  12  13  22  24  25  27   29   31   37   45   46   52   58   63   64   70   74
9743  1995-06-08 00:00:00   1  15  20  21  26  30  31  33  35   38   44   58   59   63   66   68   69   72   74   75
9744  1995-06-07 00:00:00   7  13  16  18  28  29  30  32  33   34   36   39   43   51   53   56   62   65   68   72
9745  1995-06-06 00:00:00   2   4   5   8  10  21  27  35  36   42   49   54   60   63   64   72   73   76   77   80
9746  1995-06-03 00:00:00  10  12  14  22  28  30  35  37  41   46   48   55   56   59   63   66   73   77   78   80
9747  1995-06-02 00:00:00   1   4   8   9  10  11  23  28  30   34   35   42   52   58   61   66   70   72   79   80
9748  1995-06-01 00:00:00   3   6   7  12  14  15  16  17  18   22   34   41   46   49   51   68   69   72   74   76
9749  1995-05-31 00:00:00   1   3   4  17  27  30  36  37  38   39   42   50   57   60   63   65   66   73   77   78
9750  1995-05-30 00:00:00   1   5   6   7  10  14  15  19  20   32   37   38   40   49   54   62   64   66   74   79
9751  1995-05-29 00:00:00   2   4   8  20  22  23  24  25  29   39   40   44   47   50   52   58   62   64   67   75
